-0.7999999999999972 9.403429106213443e-22
-0.7997558593749972 1.6480958959156272e-21
-0.7995117187499972 2.2307009727071084e-21
-0.7992675781249972 2.6462490348730924e-21
-0.7990234374999972 2.86121418369256e-21
-0.7987792968749972 2.8613744948230486e-21
-0.7985351562499972 2.644517788894234e-21
-0.7982910156249972 2.2290080009406906e-21
-0.7980468749999972 1.6440269787410544e-21
-0.7978027343749972 9.35773780169948e-22
-0.7975585937499972 1.555946665926096e-22
-0.7973144531249972 -6.3549357611440335e-22
-0.7970703124999972 -1.3798070516680113e-21
-0.7968261718749972 -2.0189551052270164e-21
-0.7965820312499972 -2.506660702515959e-21
-0.7963378906249972 -2.8038631599322502e-21
-0.7960937499999972 -2.8900907628101486e-21
-0.7958496093749972 -2.7566135028205735e-21
-0.7956054687499972 -2.4155309120608553e-21
-0.7953613281249972 -1.8904569196975432e-21
-0.7951171874999972 -1.223163960987691e-21
-0.7948730468749972 -4.620126247668864e-22
-0.7946289062499972 3.332790788868644e-22
-0.7943847656249972 1.1045786501181798e-21
-0.7941406249999972 1.7913145694002418e-21
-0.7938964843749972 2.34349944577862e-21
-0.7936523437499972 2.7170932421983073e-21
-0.7934082031249972 2.88578782737124e-21
-0.7931640624999972 2.834577368220354e-21
-0.7929199218749972 2.5693517508442707e-21
-0.7926757812499972 2.1080223193255193e-21
-0.7924316406249972 1.4876231003074318e-21
-0.7921874999999972 7.530650478404115e-22
-0.7919433593749972 -3.781238501338186e-23
-0.7916992187499972 -8.270795210877383e-22
-0.7914550781249972 -1.5526576582895232e-21
-0.7912109374999972 -2.161494882503423e-21
-0.7909667968749972 -2.6051419311539776e-21
-0.7907226562499972 -2.8519073740314585e-21
-0.7904785156249972 -2.880813134464949e-21
-0.7902343749999972 -2.6916728421581937e-21
-0.7899902343749972 -2.2966502992107763e-21
-0.7897460937499972 -1.727823404644456e-21
